# node_id   x   y   h
0 -2.64617490e+01 -1.23721500e+00 8.51000000e+00
1 -2.51540567e+01 -1.23721500e+00 7.85615385e+00
2 -2.38463644e+01 -1.23721500e+00 7.20230769e+00
3 -2.25386721e+01 -1.23721500e+00 6.54846154e+00
4 -2.12309798e+01 -1.23721500e+00 5.89461538e+00
5 -1.99232875e+01 -1.23721500e+00 5.24076923e+00
6 -1.86155952e+01 -1.23721500e+00 4.58692308e+00
7 -1.73079028e+01 -1.23721500e+00 3.93307692e+00
8 -1.60002105e+01 -1.23721500e+00 3.27923077e+00
9 -1.46925182e+01 -1.23721500e+00 2.62538462e+00
10 -1.33848259e+01 -1.23721500e+00 1.97153846e+00
11 -1.20771336e+01 -1.23721500e+00 1.31769231e+00
12 -1.07694413e+01 -1.23721500e+00 6.63846154e-01
13 -9.46174900e+00 -1.23721500e+00 1.00000000e-02
14 -9.35176100e+00 -1.76602600e+00 1.11698368e-02
15 -9.03603700e+00 -2.15531200e+00 1.45278901e-02
16 -8.58627500e+00 -2.36550200e+00 1.93115770e-02
17 -8.06587400e+00 -2.35423100e+00 2.48465831e-02
18 -7.52127600e+00 -2.08943600e+00 3.06389495e-02
19 -6.81096900e+00 -1.64120500e+00 3.81938035e-02
20 -5.78889700e+00 -1.10953700e+00 4.90646028e-02
21 -4.50212400e+00 -6.04228000e-01 5.00000000e-02
22 -3.03373300e+00 -3.02990000e-01 5.00000000e-02
23 -1.52372000e+00 -2.98589000e-01 5.00000000e-02
24 -6.14040000e-02 -6.03107000e-01 5.00000000e-02
25 1.23034600e+00 -1.18429600e+00 5.00000000e-02
26 2.38129800e+00 -2.08849900e+00 5.00000000e-02
27 3.62087600e+00 -3.55395800e+00 5.00000000e-02
28 5.42225700e+00 -6.35036500e+00 5.00000000e-02
29 7.55970600e+00 -1.00348790e+01 2.89591145e-02
30 9.34224100e+00 -1.32869900e+01 1.00000000e-02
31 1.06499333e+01 -1.32869900e+01 6.63846154e-01
32 1.19576256e+01 -1.32869900e+01 1.31769231e+00
33 1.32653179e+01 -1.32869900e+01 1.97153846e+00
34 1.45730102e+01 -1.32869900e+01 2.62538462e+00
35 1.58807025e+01 -1.32869900e+01 3.27923077e+00
36 1.71883948e+01 -1.32869900e+01 3.93307692e+00
37 1.84960872e+01 -1.32869900e+01 4.58692308e+00
38 1.98037795e+01 -1.32869900e+01 5.24076923e+00
39 2.11114718e+01 -1.32869900e+01 5.89461538e+00
40 2.24191641e+01 -1.32869900e+01 6.54846154e+00
41 2.37268564e+01 -1.32869900e+01 7.20230769e+00
42 2.50345487e+01 -1.32869900e+01 7.85615385e+00
43 2.63422410e+01 -1.32869900e+01 8.51000000e+00
44 2.63422410e+01 -1.45727043e+01 8.53427506e+00
45 2.63422410e+01 -1.58584186e+01 8.60668897e+00
46 2.63422410e+01 -1.71441329e+01 8.72604198e+00
47 2.63422410e+01 -1.84298471e+01 8.89044171e+00
48 2.63422410e+01 -1.97155614e+01 9.09744368e+00
49 2.63422410e+01 -2.10012757e+01 9.34421400e+00
50 2.63422410e+01 -2.22869900e+01 9.36283579e+00
51 2.63422410e+01 -2.35727043e+01 9.19313910e+00
52 2.63422410e+01 -2.48584186e+01 9.03673220e+00
53 2.63422410e+01 -2.61441329e+01 8.88032530e+00
54 2.63422410e+01 -2.74298471e+01 8.72604198e+00
55 2.63422410e+01 -2.87155614e+01 8.60668897e+00
56 2.63422410e+01 -3.00012757e+01 8.53427506e+00
57 2.63422410e+01 -3.12869900e+01 8.51000000e+00
58 2.50345487e+01 -3.12869900e+01 7.85615385e+00
59 2.37268564e+01 -3.12869900e+01 7.20230769e+00
60 2.24191641e+01 -3.12869900e+01 6.54846154e+00
61 2.11114718e+01 -3.12869900e+01 5.89461538e+00
62 1.98037795e+01 -3.12869900e+01 5.24076923e+00
63 1.84960872e+01 -3.12869900e+01 4.58692308e+00
64 1.71883948e+01 -3.12869900e+01 3.93307692e+00
65 1.58807025e+01 -3.12869900e+01 3.27923077e+00
66 1.45730102e+01 -3.12869900e+01 2.62538462e+00
67 1.32653179e+01 -3.12869900e+01 1.97153846e+00
68 1.19576256e+01 -3.12869900e+01 1.31769231e+00
69 1.06499333e+01 -3.12869900e+01 6.63846154e-01
70 9.34224100e+00 -3.12869900e+01 1.00000000e-02
71 8.48682300e+00 -2.78018980e+01 1.90982605e-02
72 7.34604100e+00 -2.39198870e+01 3.12316641e-02
73 6.08400200e+00 -2.02702930e+01 4.46547621e-02
74 4.78550800e+00 -1.72399260e+01 5.00000000e-02
75 3.51515600e+00 -1.49810940e+01 5.00000000e-02
76 2.29856300e+00 -1.34232080e+01 5.00000000e-02
77 1.13060500e+00 -1.24072670e+01 5.00000000e-02
78 -2.26270000e-02 -1.17921230e+01 5.00000000e-02
79 -1.19167400e+00 -1.15225850e+01 5.00000000e-02
80 -2.40186300e+00 -1.15841160e+01 5.00000000e-02
81 -3.71443400e+00 -1.20012080e+01 5.00000000e-02
82 -5.16046100e+00 -1.28341080e+01 5.00000000e-02
83 -6.61680600e+00 -1.40991310e+01 4.02589291e-02
84 -7.80494300e+00 -1.55410660e+01 2.76218558e-02
85 -8.62667400e+00 -1.68921900e+01 1.88818916e-02
86 -9.14774700e+00 -1.79924230e+01 1.33397380e-02
87 -9.46174900e+00 -1.92372150e+01 1.00000000e-02
88 -1.07694413e+01 -1.92372150e+01 6.63846154e-01
89 -1.20771336e+01 -1.92372150e+01 1.31769231e+00
90 -1.33848259e+01 -1.92372150e+01 1.97153846e+00
91 -1.46925182e+01 -1.92372150e+01 2.62538462e+00
92 -1.60002105e+01 -1.92372150e+01 3.27923077e+00
93 -1.73079028e+01 -1.92372150e+01 3.93307692e+00
94 -1.86155952e+01 -1.92372150e+01 4.58692308e+00
95 -1.99232875e+01 -1.92372150e+01 5.24076923e+00
96 -2.12309798e+01 -1.92372150e+01 5.89461538e+00
97 -2.25386721e+01 -1.92372150e+01 6.54846154e+00
98 -2.38463644e+01 -1.92372150e+01 7.20230769e+00
99 -2.51540567e+01 -1.92372150e+01 7.85615385e+00
100 -2.64617490e+01 -1.92372150e+01 8.51000000e+00
101 -2.64617490e+01 -1.79515007e+01 8.53427506e+00
102 -2.64617490e+01 -1.66657864e+01 8.60668897e+00
103 -2.64617490e+01 -1.53800721e+01 8.72604198e+00
104 -2.64617490e+01 -1.40943579e+01 8.88292769e+00
105 -2.64617490e+01 -1.28086436e+01 9.05001825e+00
106 -2.64617490e+01 -1.15229293e+01 9.25494423e+00
107 -2.64617490e+01 -1.02372150e+01 9.49909111e+00
108 -2.64617490e+01 -8.95150071e+00 9.28994584e+00
109 -2.64617490e+01 -7.66578643e+00 9.06046349e+00
110 -2.64617490e+01 -6.38007214e+00 8.87177240e+00
111 -2.64617490e+01 -5.09435786e+00 8.72530409e+00
112 -2.64617490e+01 -3.80864357e+00 8.60668897e+00
113 -2.64617490e+01 -2.52292929e+00 8.53427506e+00
114 1.04805587e+01 -3.06074931e+01 6.44724503e-01
115 1.17882510e+01 -3.06074931e+01 1.27893202e+00
116 1.30959433e+01 -3.06074931e+01 1.91735399e+00
117 1.44036356e+01 -3.06074931e+01 2.56340123e+00
118 1.57113279e+01 -3.06074931e+01 3.21261550e+00
119 1.70190202e+01 -3.06074931e+01 3.86339640e+00
120 1.83267125e+01 -3.06074931e+01 4.51506506e+00
121 1.96344048e+01 -3.06074931e+01 5.16728496e+00
122 2.09420972e+01 -3.06074931e+01 5.81987045e+00
123 2.22497895e+01 -3.06074931e+01 6.47271079e+00
124 2.35574818e+01 -3.06074931e+01 7.12573584e+00
125 2.48651741e+01 -3.06074931e+01 7.77889901e+00
126 2.61728664e+01 -3.06074931e+01 8.43216817e+00
127 9.82671254e+00 -2.94749984e+01 4.65388517e-01
128 1.11344048e+01 -2.94749984e+01 1.09959603e+00
129 1.24420972e+01 -2.94749984e+01 1.73380355e+00
130 1.37497895e+01 -2.94749984e+01 2.36801106e+00
131 1.50574818e+01 -2.94749984e+01 3.00221858e+00
132 1.63651741e+01 -2.94749984e+01 3.63642610e+00
133 1.76728664e+01 -2.94749984e+01 4.27270551e+00
134 1.89805587e+01 -2.94749984e+01 4.91358240e+00
135 2.02882510e+01 -2.94749984e+01 5.55748701e+00
136 2.15959433e+01 -2.94749984e+01 6.20347507e+00
137 2.29036356e+01 -2.94749984e+01 6.85095639e+00
138 2.42113279e+01 -2.94749984e+01 7.49954370e+00
139 2.55190202e+01 -2.94749984e+01 8.14897260e+00
140 9.17286638e+00 -2.83425036e+01 2.86052531e-01
141 1.04805587e+01 -2.83425036e+01 9.20260047e-01
142 1.17882510e+01 -2.83425036e+01 1.55446756e+00
143 1.30959433e+01 -2.83425036e+01 2.18867508e+00
144 1.44036356e+01 -2.83425036e+01 2.82288259e+00
145 1.57113279e+01 -2.83425036e+01 3.45709011e+00
146 1.70190202e+01 -2.83425036e+01 4.09129763e+00
147 1.83267125e+01 -2.83425036e+01 4.72550514e+00
148 1.96344048e+01 -2.83425036e+01 5.35971266e+00
149 2.09420972e+01 -2.83425036e+01 5.99392017e+00
150 2.22497895e+01 -2.83425036e+01 6.62956961e+00
151 2.35574818e+01 -2.83425036e+01 7.26849623e+00
152 2.48651741e+01 -2.83425036e+01 7.90986473e+00
153 2.61728664e+01 -2.83425036e+01 8.55312517e+00
154 8.51902023e+00 -2.72100089e+01 1.19658692e-01
155 9.82671254e+00 -2.72100089e+01 7.45873629e-01
156 1.11344048e+01 -2.72100089e+01 1.37513158e+00
157 1.24420972e+01 -2.72100089e+01 2.00933909e+00
158 1.37497895e+01 -2.72100089e+01 2.64354661e+00
159 1.50574818e+01 -2.72100089e+01 3.27775412e+00
160 1.63651741e+01 -2.72100089e+01 3.91196164e+00
161 1.76728664e+01 -2.72100089e+01 4.54616916e+00
162 1.89805587e+01 -2.72100089e+01 5.18037667e+00
163 2.02882510e+01 -2.72100089e+01 5.81458419e+00
164 2.15959433e+01 -2.72100089e+01 6.44879170e+00
165 2.29036356e+01 -2.72100089e+01 7.08299922e+00
166 2.42113279e+01 -2.72100089e+01 7.71720674e+00
167 2.55190202e+01 -2.72100089e+01 8.35141425e+00
168 9.17286638e+00 -2.60775141e+01 5.95673395e-01
169 1.04805587e+01 -2.60775141e+01 1.22188833e+00
170 1.17882510e+01 -2.60775141e+01 1.84810327e+00
171 1.30959433e+01 -2.60775141e+01 2.47431821e+00
172 1.44036356e+01 -2.60775141e+01 3.10058213e+00
173 1.57113279e+01 -2.60775141e+01 3.73262565e+00
174 1.70190202e+01 -2.60775141e+01 4.36683317e+00
175 1.83267125e+01 -2.60775141e+01 5.00104069e+00
176 1.96344048e+01 -2.60775141e+01 5.63524820e+00
177 2.09420972e+01 -2.60775141e+01 6.26945572e+00
178 2.22497895e+01 -2.60775141e+01 6.90366323e+00
179 2.35574818e+01 -2.60775141e+01 7.53787075e+00
180 2.48651741e+01 -2.60775141e+01 8.17207827e+00
181 2.61728664e+01 -2.60775141e+01 8.80628578e+00
182 8.51902023e+00 -2.49450194e+01 4.45473162e-01
183 9.82671254e+00 -2.49450194e+01 1.07168810e+00
184 1.11344048e+01 -2.49450194e+01 1.69790304e+00
185 1.24420972e+01 -2.49450194e+01 2.32411797e+00
186 1.37497895e+01 -2.49450194e+01 2.95033291e+00
187 1.50574818e+01 -2.49450194e+01 3.57654785e+00
188 1.63651741e+01 -2.49450194e+01 4.20276279e+00
189 1.76728664e+01 -2.49450194e+01 4.82897772e+00
190 1.89805587e+01 -2.49450194e+01 5.45693433e+00
191 2.02882510e+01 -2.49450194e+01 6.09011973e+00
192 2.15959433e+01 -2.49450194e+01 6.72432725e+00
193 2.29036356e+01 -2.49450194e+01 7.35853476e+00
194 2.42113279e+01 -2.49450194e+01 7.99274228e+00
195 2.55190202e+01 -2.49450194e+01 8.62694980e+00
196 7.86517408e+00 -2.38125246e+01 2.95272928e-01
197 9.17286638e+00 -2.38125246e+01 9.21487866e-01
198 1.04805587e+01 -2.38125246e+01 1.54770280e+00
199 1.17882510e+01 -2.38125246e+01 2.17391774e+00
200 1.30959433e+01 -2.38125246e+01 2.80013268e+00
201 1.44036356e+01 -2.38125246e+01 3.42634761e+00
202 1.57113279e+01 -2.38125246e+01 4.05256255e+00
203 1.70190202e+01 -2.38125246e+01 4.67877749e+00
204 1.83267125e+01 -2.38125246e+01 5.30499243e+00
205 1.96344048e+01 -2.38125246e+01 5.93120736e+00
206 2.09420972e+01 -2.38125246e+01 6.55742230e+00
207 2.22497895e+01 -2.38125246e+01 7.18384435e+00
208 2.35574818e+01 -2.38125246e+01 7.81396606e+00
209 2.48651741e+01 -2.38125246e+01 8.44761381e+00
210 2.61728664e+01 -2.38125246e+01 9.08182133e+00
211 7.21132792e+00 -2.26800298e+01 1.74401293e-01
212 8.51902023e+00 -2.26800298e+01 7.90858321e-01
213 9.82671254e+00 -2.26800298e+01 1.40731535e+00
214 1.11344048e+01 -2.26800298e+01 2.02427873e+00
215 1.24420972e+01 -2.26800298e+01 2.64993244e+00
216 1.37497895e+01 -2.26800298e+01 3.27614738e+00
217 1.50574818e+01 -2.26800298e+01 3.90236232e+00
218 1.63651741e+01 -2.26800298e+01 4.52857726e+00
219 1.76728664e+01 -2.26800298e+01 5.15479219e+00
220 1.89805587e+01 -2.26800298e+01 5.78100713e+00
221 2.02882510e+01 -2.26800298e+01 6.40722207e+00
222 2.15959433e+01 -2.26800298e+01 7.03343700e+00
223 2.29036356e+01 -2.26800298e+01 7.65965194e+00
224 2.42113279e+01 -2.26800298e+01 8.28586688e+00
225 2.55190202e+01 -2.26800298e+01 8.91208182e+00
226 6.55748177e+00 -2.15475351e+01 5.49507978e-02
227 7.86517408e+00 -2.15475351e+01 6.71407826e-01
228 9.17286638e+00 -2.15475351e+01 1.28786485e+00
229 1.04805587e+01 -2.15475351e+01 1.90432188e+00
230 1.17882510e+01 -2.15475351e+01 2.52077891e+00
231 1.30959433e+01 -2.15475351e+01 3.13723594e+00
232 1.44036356e+01 -2.15475351e+01 3.75405638e+00
233 1.57113279e+01 -2.15475351e+01 4.37837702e+00
234 1.70190202e+01 -2.15475351e+01 5.00459196e+00
235 1.83267125e+01 -2.15475351e+01 5.63080690e+00
236 1.96344048e+01 -2.15475351e+01 6.25702183e+00
237 2.09420972e+01 -2.15475351e+01 6.88323677e+00
238 2.22497895e+01 -2.15475351e+01 7.50945171e+00
239 2.35574818e+01 -2.15475351e+01 8.13566665e+00
240 2.48651741e+01 -2.15475351e+01 8.76188158e+00
241 2.61728664e+01 -2.15475351e+01 9.38809652e+00
242 7.21132792e+00 -2.04150403e+01 5.51957331e-01
243 8.51902023e+00 -2.04150403e+01 1.16841436e+00
244 9.82671254e+00 -2.04150403e+01 1.78487139e+00
245 1.11344048e+01 -2.04150403e+01 2.40132842e+00
246 1.24420972e+01 -2.04150403e+01 3.01778544e+00
247 1.37497895e+01 -2.04150403e+01 3.63424247e+00
248 1.50574818e+01 -2.04150403e+01 4.25069950e+00
249 1.63651741e+01 -2.04150403e+01 4.86715653e+00
250 1.76728664e+01 -2.04150403e+01 5.48392074e+00
251 1.89805587e+01 -2.04150403e+01 6.00387749e+00
252 2.02882510e+01 -2.04150403e+01 6.54116062e+00
253 2.15959433e+01 -2.04150403e+01 7.09805900e+00
254 2.29036356e+01 -2.04150403e+01 7.67029577e+00
255 2.42113279e+01 -2.04150403e+01 8.25467779e+00
256 2.55190202e+01 -2.04150403e+01 8.84879641e+00
257 6.55748177e+00 -1.92825456e+01 4.59797957e-01
258 7.86517408e+00 -1.92825456e+01 1.05863667e+00
259 9.17286638e+00 -1.92825456e+01 1.66542089e+00
260 1.04805587e+01 -1.92825456e+01 2.28187792e+00
261 1.17882510e+01 -1.92825456e+01 2.89833495e+00
262 1.30959433e+01 -1.92825456e+01 3.51479198e+00
263 1.44036356e+01 -1.92825456e+01 3.93314931e+00
264 1.57113279e+01 -1.92825456e+01 4.38355561e+00
265 1.70190202e+01 -1.92825456e+01 4.88030866e+00
266 1.83267125e+01 -1.92825456e+01 5.41063458e+00
267 1.96344048e+01 -1.92825456e+01 5.96557141e+00
268 2.09420972e+01 -1.92825456e+01 6.53884655e+00
269 2.22497895e+01 -1.92825456e+01 7.12602933e+00
270 2.35574818e+01 -1.92825456e+01 7.72394446e+00
271 2.48651741e+01 -1.92825456e+01 8.33027851e+00
272 2.61728664e+01 -1.92825456e+01 8.94331737e+00
273 -2.54809798e+01 -1.81500508e+01 8.03803962e+00
274 -2.41732875e+01 -1.81500508e+01 7.38582690e+00
275 -2.28655952e+01 -1.81500508e+01 6.73393147e+00
276 -2.15579028e+01 -1.81500508e+01 6.08245551e+00
277 -2.02502105e+01 -1.81500508e+01 5.43155025e+00
278 -1.89425182e+01 -1.81500508e+01 4.78144924e+00
279 -1.76348259e+01 -1.81500508e+01 4.13253297e+00
280 -1.63271336e+01 -1.81500508e+01 3.48546515e+00
281 -1.50194413e+01 -1.81500508e+01 2.84151328e+00
282 -1.37117490e+01 -1.81500508e+01 2.20344933e+00
283 -1.24040567e+01 -1.81500508e+01 1.57029492e+00
284 -1.10963644e+01 -1.81500508e+01 9.37140507e-01
285 -9.78867208e+00 -1.81500508e+01 3.03986095e-01
286 5.90363562e+00 -1.81500508e+01 3.84644640e-01
287 7.21132792e+00 -1.81500508e+01 9.85640935e-01
288 8.51902023e+00 -1.81500508e+01 1.58543841e+00
289 9.82671254e+00 -1.81500508e+01 2.18427712e+00
290 1.11344048e+01 -1.81500508e+01 2.60139015e+00
291 1.24420972e+01 -1.81500508e+01 2.89350778e+00
292 1.37497895e+01 -1.81500508e+01 3.29160950e+00
293 1.50574818e+01 -1.81500508e+01 3.76211065e+00
294 1.63651741e+01 -1.81500508e+01 4.28115176e+00
295 1.76728664e+01 -1.81500508e+01 4.83308718e+00
296 1.89805587e+01 -1.81500508e+01 5.40783587e+00
297 2.02882510e+01 -1.81500508e+01 5.99883326e+00
298 2.15959433e+01 -1.81500508e+01 6.60171034e+00
299 2.29036356e+01 -1.81500508e+01 7.21348499e+00
300 2.42113279e+01 -1.81500508e+01 7.83206984e+00
301 2.55190202e+01 -1.81500508e+01 8.45596866e+00
302 -2.61348259e+01 -1.70175560e+01 8.42008888e+00
303 -2.48271336e+01 -1.70175560e+01 7.77244050e+00
304 -2.35194413e+01 -1.70175560e+01 7.12592578e+00
305 -2.22117490e+01 -1.70175560e+01 6.48088452e+00
306 -2.09040567e+01 -1.70175560e+01 5.83780600e+00
307 -1.95963644e+01 -1.70175560e+01 5.19742024e+00
308 -1.82886721e+01 -1.70175560e+01 4.56086412e+00
309 -1.69809798e+01 -1.70175560e+01 3.92769091e+00
310 -1.56732875e+01 -1.70175560e+01 3.29453650e+00
311 -1.43655952e+01 -1.70175560e+01 2.66138209e+00
312 -1.30579028e+01 -1.70175560e+01 2.02822768e+00
313 -1.17502105e+01 -1.70175560e+01 1.40287042e+00
314 -1.04425182e+01 -1.70175560e+01 8.08547329e-01
315 -9.13482592e+00 -1.70175560e+01 2.20171274e-01
316 5.24978946e+00 -1.70175560e+01 3.07393510e-01
317 6.55748177e+00 -1.70175560e+01 9.08164500e-01
318 7.86517408e+00 -1.70175560e+01 1.50916080e+00
319 9.17286638e+00 -1.70175560e+01 1.87720451e+00
320 1.04805587e+01 -1.70175560e+01 1.96018526e+00
321 1.17882510e+01 -1.70175560e+01 2.24047573e+00
322 1.30959433e+01 -1.70175560e+01 2.65610109e+00
323 1.44036356e+01 -1.70175560e+01 3.15383677e+00
324 1.57113279e+01 -1.70175560e+01 3.70060941e+00
325 1.70190202e+01 -1.70175560e+01 4.27761240e+00
326 1.83267125e+01 -1.70175560e+01 4.87409940e+00
327 1.96344048e+01 -1.70175560e+01 5.48370440e+00
328 2.09420972e+01 -1.70175560e+01 6.10249099e+00
329 2.22497895e+01 -1.70175560e+01 6.72792249e+00
330 2.35574818e+01 -1.70175560e+01 7.35830241e+00
331 2.48651741e+01 -1.70175560e+01 7.99245849e+00
332 2.61728664e+01 -1.70175560e+01 8.62955732e+00
333 -2.54809798e+01 -1.58850613e+01 8.19310285e+00
334 -2.41732875e+01 -1.58850613e+01 7.55430743e+00
335 -2.28655952e+01 -1.58850613e+01 6.91832878e+00
336 -2.15579028e+01 -1.58850613e+01 6.28508691e+00
337 -2.02502105e+01 -1.58850613e+01 5.65193250e+00
338 -1.89425182e+01 -1.58850613e+01 5.01877809e+00
339 -1.76348259e+01 -1.58850613e+01 4.38562367e+00
340 -1.63271336e+01 -1.58850613e+01 3.75448146e+00
341 -1.50194413e+01 -1.58850613e+01 3.13254506e+00
342 -1.37117490e+01 -1.58850613e+01 2.52685758e+00
343 -1.24040567e+01 -1.58850613e+01 1.93813953e+00
344 -1.10963644e+01 -1.58850613e+01 1.34976347e+00
345 -9.78867208e+00 -1.58850613e+01 7.78367843e-01
346 -8.48097977e+00 -1.58850613e+01 2.23481827e-01
347 4.59594331e+00 -1.58850613e+01 2.99457231e-01
348 5.90363562e+00 -1.58850613e+01 8.69359524e-01
349 7.21132792e+00 -1.58850613e+01 1.43926786e+00
350 8.51902023e+00 -1.58850613e+01 1.37268731e+00
351 9.82671254e+00 -1.58850613e+01 1.33142793e+00
352 1.11344048e+01 -1.58850613e+01 1.58811800e+00
353 1.24420972e+01 -1.58850613e+01 2.03231813e+00
354 1.37497895e+01 -1.58850613e+01 2.56814668e+00
355 1.50574818e+01 -1.58850613e+01 3.14902658e+00
356 1.63651741e+01 -1.58850613e+01 3.75404739e+00
357 1.76728664e+01 -1.58850613e+01 4.37317813e+00
358 1.89805587e+01 -1.58850613e+01 5.00117076e+00
359 2.02882510e+01 -1.58850613e+01 5.63505798e+00
360 2.15959433e+01 -1.58850613e+01 6.27305027e+00
361 2.29036356e+01 -1.58850613e+01 6.91400967e+00
362 2.42113279e+01 -1.58850613e+01 7.55718027e+00
363 2.55190202e+01 -1.58850613e+01 8.20204127e+00
364 -2.61348259e+01 -1.47525665e+01 8.64248290e+00
365 -2.48271336e+01 -1.47525665e+01 8.00932849e+00
366 -2.35194413e+01 -1.47525665e+01 7.37617408e+00
367 -2.22117490e+01 -1.47525665e+01 6.74301967e+00
368 -2.09040567e+01 -1.47525665e+01 6.11062371e+00
369 -1.95963644e+01 -1.47525665e+01 5.48303523e+00
370 -1.82886721e+01 -1.47525665e+01 4.86239071e+00
371 -1.69809798e+01 -1.47525665e+01 4.25174173e+00
372 -1.56732875e+01 -1.47525665e+01 3.65610778e+00
373 -1.43655952e+01 -1.47525665e+01 3.06773172e+00
374 -1.30579028e+01 -1.47525665e+01 2.47925675e+00
375 -1.17502105e+01 -1.47525665e+01 1.91028225e+00
376 -1.04425182e+01 -1.47525665e+01 1.35539624e+00
377 -9.13482592e+00 -1.47525665e+01 8.00510220e-01
378 -7.82713362e+00 -1.47525665e+01 2.90915706e-01
379 3.94209715e+00 -1.47525665e+01 2.92075225e-01
380 5.24978946e+00 -1.47525665e+01 8.61977518e-01
381 6.55748177e+00 -1.47525665e+01 1.43187981e+00
382 7.86517408e+00 -1.47525665e+01 1.05038950e+00
383 9.17286638e+00 -1.47525665e+01 7.47665626e-01
384 1.04805587e+01 -1.47525665e+01 9.37857978e-01
385 1.17882510e+01 -1.47525665e+01 1.43573485e+00
386 1.30959433e+01 -1.47525665e+01 2.02483222e+00
387 1.44036356e+01 -1.47525665e+01 2.64465510e+00
388 1.57113279e+01 -1.47525665e+01 3.27776616e+00
389 1.70190202e+01 -1.47525665e+01 3.91771205e+00
390 1.83267125e+01 -1.47525665e+01 4.56161080e+00
391 1.96344048e+01 -1.47525665e+01 5.20799363e+00
392 2.09420972e+01 -1.47525665e+01 5.85603663e+00
393 2.22497895e+01 -1.47525665e+01 6.50524291e+00
394 2.35574818e+01 -1.47525665e+01 7.15529539e+00
395 2.48651741e+01 -1.47525665e+01 7.80598239e+00
396 2.61728664e+01 -1.47525665e+01 8.45715729e+00
397 -2.54809798e+01 -1.36200718e+01 8.46750954e+00
398 -2.41732875e+01 -1.36200718e+01 7.83772983e+00
399 -2.28655952e+01 -1.36200718e+01 7.21224266e+00
400 -2.15579028e+01 -1.36200718e+01 6.59227247e+00
401 -2.02502105e+01 -1.36200718e+01 5.97953937e+00
402 -1.89425182e+01 -1.36200718e+01 5.37652440e+00
403 -1.76348259e+01 -1.36200718e+01 4.78569997e+00
404 -1.63271336e+01 -1.36200718e+01 4.19732392e+00
405 -1.50194413e+01 -1.36200718e+01 3.60964196e+00
406 -1.37117490e+01 -1.36200718e+01 3.04219666e+00
407 -1.24040567e+01 -1.36200718e+01 2.48731064e+00
408 -1.10963644e+01 -1.36200718e+01 1.93242463e+00
409 -9.78867208e+00 -1.36200718e+01 1.40539242e+00
410 -8.48097977e+00 -1.36200718e+01 9.06406906e-01
411 -7.17328746e+00 -1.36200718e+01 4.07399696e-01
412 3.28825100e+00 -1.36200718e+01 3.79427142e-01
413 4.59594331e+00 -1.36200718e+01 8.94754950e-01
414 5.90363562e+00 -1.36200718e+01 1.42451959e+00
415 7.21132792e+00 -1.36200718e+01 1.02810290e+00
416 8.51902023e+00 -1.36200718e+01 4.51523788e-01
417 9.82671254e+00 -1.36200718e+01 3.03962639e-01
418 1.11344048e+01 -1.36200718e+01 9.21426727e-01
419 1.24420972e+01 -1.36200718e+01 1.56884987e+00
420 1.37497895e+01 -1.36200718e+01 2.22005808e+00
421 1.50574818e+01 -1.36200718e+01 2.87246924e+00
422 1.63651741e+01 -1.36200718e+01 3.52541365e+00
423 1.76728664e+01 -1.36200718e+01 4.17864075e+00
424 1.89805587e+01 -1.36200718e+01 4.83203565e+00
425 2.02882510e+01 -1.36200718e+01 5.48553829e+00
426 2.15959433e+01 -1.36200718e+01 6.13911420e+00
427 2.29036356e+01 -1.36200718e+01 6.79274221e+00
428 2.42113279e+01 -1.36200718e+01 7.44640857e+00
429 2.55190202e+01 -1.36200718e+01 8.10010398e+00
430 -2.61348259e+01 -1.24875770e+01 8.94172397e+00
431 -2.48271336e+01 -1.24875770e+01 8.32216779e+00
432 -2.35194413e+01 -1.24875770e+01 7.70828819e+00
433 -2.22117490e+01 -1.24875770e+01 7.10156021e+00
434 -2.09040567e+01 -1.24875770e+01 6.50398969e+00
435 -1.95963644e+01 -1.24875770e+01 5.91529217e+00
436 -1.82886721e+01 -1.24875770e+01 5.32691612e+00
437 -1.69809798e+01 -1.24875770e+01 4.74103819e+00
438 -1.56732875e+01 -1.24875770e+01 4.17411107e+00
439 -1.43655952e+01 -1.24875770e+01 3.61922505e+00
440 -1.30579028e+01 -1.24875770e+01 3.06433904e+00
441 -1.17502105e+01 -1.24875770e+01 2.52206222e+00
442 -1.04425182e+01 -1.24875770e+01 2.02088362e+00
443 -9.13482592e+00 -1.24875770e+01 1.52189811e+00
444 -7.82713362e+00 -1.24875770e+01 1.04658548e+00
445 -6.51944131e+00 -1.24875770e+01 6.25736217e-01
446 -5.21174900e+00 -1.24875770e+01 2.12939906e-01
447 1.32671254e+00 -1.24875770e+01 8.40555236e-02
448 2.63440485e+00 -1.24875770e+01 5.13173699e-01
449 3.94209715e+00 -1.24875770e+01 9.85607951e-01
450 5.24978946e+00 -1.24875770e+01 1.50093576e+00
451 6.55748177e+00 -1.24875770e+01 1.04930257e+00
452 7.86517408e+00 -1.24875770e+01 4.72723459e-01
453 -2.54809798e+01 -1.13550822e+01 8.82850827e+00
454 -2.41732875e+01 -1.13550822e+01 8.22645666e+00
455 -2.28655952e+01 -1.13550822e+01 7.63326042e+00
456 -2.15579028e+01 -1.13550822e+01 7.04488437e+00
457 -2.02502105e+01 -1.13550822e+01 6.45639236e+00
458 -1.89425182e+01 -1.13550822e+01 5.87285927e+00
459 -1.76348259e+01 -1.13550822e+01 5.30602547e+00
460 -1.63271336e+01 -1.13550822e+01 4.75113946e+00
461 -1.50194413e+01 -1.13550822e+01 4.19625344e+00
462 -1.37117490e+01 -1.13550822e+01 3.64745670e+00
463 -1.24040567e+01 -1.13550822e+01 3.13536033e+00
464 -1.10963644e+01 -1.13550822e+01 2.63637482e+00
465 -9.78867208e+00 -1.13550822e+01 2.13731269e+00
466 -8.48097977e+00 -1.13550822e+01 1.69046508e+00
467 -7.17328746e+00 -1.13550822e+01 1.26828097e+00
468 -5.86559515e+00 -1.13550822e+01 8.66785720e-01
469 -4.55790285e+00 -1.13550822e+01 5.40439984e-01
470 -3.25021054e+00 -1.13550822e+01 2.87597975e-01
471 -1.94251823e+00 -1.13550822e+01 1.52706717e-01
472 -6.34825923e-01 -1.13550822e+01 1.94163257e-01
473 6.72866385e-01 -1.13550822e+01 4.06469572e-01
474 1.98055869e+00 -1.13550822e+01 7.26297648e-01
475 3.28825100e+00 -1.13550822e+01 1.15496725e+00
476 4.59594331e+00 -1.13550822e+01 1.59556627e+00
477 5.90363562e+00 -1.13550822e+01 1.07050225e+00
478 7.21132792e+00 -1.13550822e+01 4.93923131e-01
479 -2.61348259e+01 -1.02225875e+01 9.35318977e+00
480 -2.48271336e+01 -1.02225875e+01 8.76285262e+00
481 -2.35194413e+01 -1.02225875e+01 8.17447656e+00
482 -2.22117490e+01 -1.02225875e+01 7.58588031e+00
483 -2.09040567e+01 -1.02225875e+01 7.00489870e+00
484 -1.95963644e+01 -1.02225875e+01 6.43794929e+00
485 -1.82886721e+01 -1.02225875e+01 5.88305387e+00
486 -1.69809798e+01 -1.02225875e+01 5.32816785e+00
487 -1.56732875e+01 -1.02225875e+01 4.77622845e+00
488 -1.43655952e+01 -1.02225875e+01 4.25042810e+00
489 -1.30579028e+01 -1.02225875e+01 3.75085153e+00
490 -1.17502105e+01 -1.02225875e+01 3.25186602e+00
491 -1.04425182e+01 -1.02225875e+01 2.76347686e+00
492 -9.13482592e+00 -1.02225875e+01 2.33434468e+00
493 -7.82713362e+00 -1.02225875e+01 1.91016086e+00
494 -6.51944131e+00 -1.02225875e+01 1.52063153e+00
495 -5.21174900e+00 -1.02225875e+01 1.19428580e+00
496 -3.90405669e+00 -1.02225875e+01 9.26261269e-01
497 -2.59636438e+00 -1.02225875e+01 7.37675556e-01
498 -1.28867208e+00 -1.02225875e+01 7.01622928e-01
499 1.90202308e-02 -1.02225875e+01 8.19383871e-01
500 1.32671254e+00 -1.02225875e+01 1.05994706e+00
501 2.63440485e+00 -1.02225875e+01 1.37610695e+00
502 3.94209715e+00 -1.02225875e+01 1.64946926e+00
503 5.24978946e+00 -1.02225875e+01 1.08039849e+00
504 6.55748177e+00 -1.02225875e+01 5.11327717e-01
505 -2.54809798e+01 -9.09009273e+00 8.86828070e+00
506 -2.41732875e+01 -9.09009273e+00 8.27736001e+00
507 -2.28655952e+01 -9.09009273e+00 7.69663773e+00
508 -2.15579028e+01 -9.09009273e+00 7.12861060e+00
509 -2.02502105e+01 -9.09009273e+00 6.57657454e+00
510 -1.89425182e+01 -9.09009273e+00 6.04492028e+00
511 -1.76348259e+01 -9.09009273e+00 5.53767092e+00
512 -1.63271336e+01 -9.09009273e+00 5.04571248e+00
513 -1.50194413e+01 -9.09009273e+00 4.59416518e+00
514 -1.37117490e+01 -9.09009273e+00 4.19643734e+00
515 -1.24040567e+01 -9.09009273e+00 3.86722689e+00
516 -1.10963644e+01 -9.09009273e+00 3.40020341e+00
517 -9.78867208e+00 -9.09009273e+00 2.97822429e+00
518 -8.48097977e+00 -9.09009273e+00 2.55204076e+00
519 -7.17328746e+00 -9.09009273e+00 2.17447735e+00
520 -5.86559515e+00 -9.09009273e+00 1.84813161e+00
521 -4.55790285e+00 -9.09009273e+00 1.56492456e+00
522 -3.25021054e+00 -9.09009273e+00 1.36691065e+00
523 -1.94251823e+00 -9.09009273e+00 1.28374049e+00
524 -6.34825923e-01 -9.09009273e+00 1.29770774e+00
525 6.72866385e-01 -9.09009273e+00 1.44505185e+00
526 1.98055869e+00 -9.09009273e+00 1.71342454e+00
527 3.28825100e+00 -9.09009273e+00 1.65509342e+00
528 4.59594331e+00 -9.09009273e+00 1.08602265e+00
529 5.90363562e+00 -9.09009273e+00 5.16951877e-01
530 -2.61348259e+01 -7.95759797e+00 8.95553722e+00
531 -2.48271336e+01 -7.95759797e+00 8.34517729e+00
532 -2.35194413e+01 -7.95759797e+00 7.74193191e+00
533 -2.22117490e+01 -7.95759797e+00 7.14760548e+00
534 -2.09040567e+01 -7.95759797e+00 6.56462502e+00
535 -1.95963644e+01 -7.95759797e+00 5.99630689e+00
536 -1.82886721e+01 -7.95759797e+00 5.44725168e+00
537 -1.69809798e+01 -7.95759797e+00 4.92394285e+00
538 -1.56732875e+01 -7.95759797e+00 4.42246437e+00
539 -1.43655952e+01 -7.95759797e+00 3.95377631e+00
540 -1.30579028e+01 -7.95759797e+00 3.54446866e+00
541 -1.17502105e+01 -7.95759797e+00 3.21738835e+00
542 -1.04425182e+01 -7.95759797e+00 2.96537574e+00
543 -9.13482592e+00 -7.95759797e+00 2.82877974e+00
544 -7.82713362e+00 -7.95759797e+00 2.82832316e+00
545 -6.51944131e+00 -7.95759797e+00 2.50197743e+00
546 -5.21174900e+00 -7.95759797e+00 2.20596465e+00
547 -3.90405669e+00 -7.95759797e+00 2.00557394e+00
548 -2.59636438e+00 -7.95759797e+00 1.86586507e+00
549 -1.28867208e+00 -7.95759797e+00 1.83315319e+00
550 1.90202308e-02 -7.95759797e+00 1.92292684e+00
551 1.32671254e+00 -7.95759797e+00 2.08250458e+00
552 2.63440485e+00 -7.95759797e+00 1.65702902e+00
553 3.94209715e+00 -7.95759797e+00 1.09164681e+00
554 5.24978946e+00 -7.95759797e+00 5.22576038e-01
555 -2.54809798e+01 -6.82510321e+00 8.46318084e+00
556 -2.41732875e+01 -6.82510321e+00 7.84174946e+00
557 -2.28655952e+01 -6.82510321e+00 7.22604987e+00
558 -2.15579028e+01 -6.82510321e+00 6.61768482e+00
559 -2.02502105e+01 -6.82510321e+00 6.01888289e+00
560 -1.89425182e+01 -6.82510321e+00 5.43281365e+00
561 -1.76348259e+01 -6.82510321e+00 4.86409233e+00
562 -1.63271336e+01 -6.82510321e+00 4.31959430e+00
563 -1.50194413e+01 -6.82510321e+00 3.80791007e+00
564 -1.37117490e+01 -6.82510321e+00 3.31866290e+00
565 -1.24040567e+01 -6.82510321e+00 2.89335172e+00
566 -1.10963644e+01 -6.82510321e+00 2.56704748e+00
567 -9.78867208e+00 -6.82510321e+00 2.32873800e+00
568 -8.48097977e+00 -6.82510321e+00 2.24982195e+00
569 -7.17328746e+00 -6.82510321e+00 2.30439747e+00
570 -5.86559515e+00 -6.82510321e+00 2.51652746e+00
571 -4.55790285e+00 -6.82510321e+00 2.64423724e+00
572 -3.25021054e+00 -6.82510321e+00 2.46701760e+00
573 -1.94251823e+00 -6.82510321e+00 2.41477426e+00
574 -6.34825923e-01 -6.82510321e+00 2.41518577e+00
575 6.72866385e-01 -6.82510321e+00 2.17488864e+00
576 1.98055869e+00 -6.82510321e+00 1.62521756e+00
577 3.28825100e+00 -6.82510321e+00 1.07554649e+00
578 4.59594331e+00 -6.82510321e+00 5.25875420e-01
579 -2.61348259e+01 -5.69260845e+00 8.62930940e+00
580 -2.48271336e+01 -5.69260845e+00 7.99404537e+00
581 -2.35194413e+01 -5.69260845e+00 7.36204079e+00
582 -2.22117490e+01 -5.69260845e+00 6.73421493e+00
583 -2.09040567e+01 -5.69260845e+00 6.11185803e+00
584 -1.95963644e+01 -5.69260845e+00 5.49683179e+00
585 -1.82886721e+01 -5.69260845e+00 4.89190824e+00
586 -1.69809798e+01 -5.69260845e+00 4.30136298e+00
587 -1.56732875e+01 -5.69260845e+00 3.73204831e+00
588 -1.43655952e+01 -5.69260845e+00 3.19537235e+00
589 -1.30579028e+01 -5.69260845e+00 2.69258087e+00
590 -1.17502105e+01 -5.69260845e+00 2.24383295e+00
591 -1.04425182e+01 -5.69260845e+00 1.91672913e+00
592 -9.13482592e+00 -5.69260845e+00 1.70532355e+00
593 -7.82713362e+00 -5.69260845e+00 1.69829818e+00
594 -6.51944131e+00 -5.69260845e+00 1.86442657e+00
595 -5.21174900e+00 -5.69260845e+00 2.17076226e+00
596 -3.90405669e+00 -5.69260845e+00 2.51273039e+00
597 -2.59636438e+00 -5.69260845e+00 2.73377940e+00
598 -1.28867208e+00 -5.69260845e+00 2.60066137e+00
599 1.90202308e-02 -5.69260845e+00 2.11558471e+00
600 1.32671254e+00 -5.69260845e+00 1.59340611e+00
601 2.63440485e+00 -5.69260845e+00 1.04373504e+00
602 3.94209715e+00 -5.69260845e+00 4.94063962e-01
603 -2.54809798e+01 -4.56011369e+00 8.19011935e+00
604 -2.41732875e+01 -4.56011369e+00 7.55052963e+00
605 -2.28655952e+01 -4.56011369e+00 6.91096009e+00
606 -2.15579028e+01 -4.56011369e+00 6.27209678e+00
607 -2.02502105e+01 -4.56011369e+00 5.63662823e+00
608 -1.89425182e+01 -4.56011369e+00 5.00590582e+00
609 -1.76348259e+01 -4.56011369e+00 4.38198471e+00
610 -1.63271336e+01 -4.56011369e+00 3.76825478e+00
611 -1.50194413e+01 -4.56011369e+00 3.17066054e+00
612 -1.37117490e+01 -4.56011369e+00 2.60039855e+00
613 -1.24040567e+01 -4.56011369e+00 2.07814923e+00
614 -1.10963644e+01 -4.56011369e+00 1.59788035e+00
615 -9.78867208e+00 -4.56011369e+00 1.26641079e+00
616 -8.48097977e+00 -4.56011369e+00 1.11811423e+00
617 -7.17328746e+00 -4.56011369e+00 1.21466056e+00
618 -5.86559515e+00 -4.56011369e+00 1.51788428e+00
619 -4.55790285e+00 -4.56011369e+00 1.85897321e+00
620 -3.25021054e+00 -4.56011369e+00 2.11338466e+00
621 -1.94251823e+00 -4.56011369e+00 2.17870219e+00
622 -6.34825923e-01 -4.56011369e+00 1.95342474e+00
623 6.72866385e-01 -4.56011369e+00 1.50029046e+00
624 1.98055869e+00 -4.56011369e+00 1.00108176e+00
625 3.28825100e+00 -4.56011369e+00 4.62252505e-01
626 -2.61348259e+01 -3.42761893e+00 8.41817108e+00
627 -2.48271336e+01 -3.42761893e+00 7.77036265e+00
628 -2.35194413e+01 -3.42761893e+00 7.12365909e+00
629 -2.22117490e+01 -3.42761893e+00 6.47839179e+00
630 -2.09040567e+01 -3.42761893e+00 5.83503808e+00
631 -1.95963644e+01 -3.42761893e+00 5.19432807e+00
632 -1.82886721e+01 -3.42761893e+00 4.55475853e+00
633 -1.69809798e+01 -3.42761893e+00 3.91520205e+00
634 -1.56732875e+01 -3.42761893e+00 3.27929575e+00
635 -1.43655952e+01 -3.42761893e+00 2.65216510e+00
636 -1.30579028e+01 -3.42761893e+00 2.04195654e+00
637 -1.17502105e+01 -3.42761893e+00 1.47006079e+00
638 -1.04425182e+01 -3.42761893e+00 9.62809808e-01
639 -9.13482592e+00 -3.42761893e+00 6.16092441e-01
640 -7.82713362e+00 -3.42761893e+00 5.74655329e-01
641 -6.51944131e+00 -3.42761893e+00 8.65006301e-01
642 -5.21174900e+00 -3.42761893e+00 1.20521603e+00
643 -3.90405669e+00 -3.42761893e+00 1.47331348e+00
644 -2.59636438e+00 -3.42761893e+00 1.61294519e+00
645 -1.28867208e+00 -3.42761893e+00 1.55769732e+00
646 1.90202308e-02 -3.42761893e+00 1.30618812e+00
647 1.32671254e+00 -3.42761893e+00 8.84996215e-01
648 2.63440485e+00 -3.42761893e+00 3.85787517e-01
649 -2.54809798e+01 -2.29512417e+00 8.03706245e+00
650 -2.41732875e+01 -2.29512417e+00 7.38476331e+00
651 -2.28655952e+01 -2.29512417e+00 6.73276475e+00
652 -2.15579028e+01 -2.29512417e+00 6.08116360e+00
653 -2.02502105e+01 -2.29512417e+00 5.43010319e+00
654 -1.89425182e+01 -2.29512417e+00 4.77980495e+00
655 -1.76348259e+01 -2.29512417e+00 4.13062975e+00
656 -1.63271336e+01 -2.29512417e+00 3.48320737e+00
657 -1.50194413e+01 -2.29512417e+00 2.83874158e+00
658 -1.37117490e+01 -2.29512417e+00 2.19855697e+00
659 -1.24040567e+01 -2.29512417e+00 1.55898743e+00
660 -1.10963644e+01 -2.29512417e+00 9.22705059e-01
661 -9.78867208e+00 -2.29512417e+00 3.48388386e-01
662 -7.17328746e+00 -2.29512417e+00 2.12128319e-01
663 -5.86559515e+00 -2.29512417e+00 5.51458848e-01
664 -4.55790285e+00 -2.29512417e+00 8.26751373e-01
665 -3.25021054e+00 -2.29512417e+00 1.00399414e+00
666 -1.94251823e+00 -2.29512417e+00 1.04765305e+00
667 -6.34825923e-01 -2.29512417e+00 9.36692463e-01
668 6.72866385e-01 -2.29512417e+00 6.58951496e-01
669 1.98055869e+00 -2.29512417e+00 2.55023410e-01
670 -5.21174900e+00 -1.16262942e+00 1.80189267e-01
671 -3.90405669e+00 -1.16262942e+00 3.83599409e-01
672 -2.59636438e+00 -1.16262942e+00 4.80455245e-01
673 -1.28867208e+00 -1.16262942e+00 4.48987277e-01
674 1.90202308e-02 -1.16262942e+00 2.88628235e-01
