     9.342241  -13.286990
     9.200098  -12.657116
     8.976167  -11.710358
     8.738664  -10.759210
     8.486823   -9.801898
     8.220279   -8.836936
     7.939820   -7.865000
     7.647394   -6.890125
     7.346041   -5.919887
     7.037744   -4.964338
     6.723760   -4.032944
     6.405417   -3.133194
     6.084002   -2.270293
     5.760671   -1.447254
     5.436179   -0.665782
     5.110765    0.071108
     4.785508    0.760074
     4.462115    1.398956
     4.142401    1.987353
     3.827075    2.526529
     3.515156    3.018906
     3.206067    3.467687
     2.899923    3.875743
     2.597397    4.244639
     2.298563    4.576792
     2.003059    4.875042
     1.710326    5.142162
     1.419725    5.380664
     1.130605    5.592733
     0.842319    5.780231
     0.554246    5.944719
     0.265993    6.087175
    -0.022627    6.207877
    -0.312147    6.306961
    -0.603336    6.384480
    -0.896478    6.441094
    -1.191674    6.477415
    -1.489176    6.493559
    -1.789406    6.489116
    -2.093125    6.463302
    -2.401863    6.415884
    -2.717222    6.346516
    -3.040573    6.254484
    -3.372893    6.138866
    -3.714434    5.998792
    -4.064819    5.833080
    -4.423519    5.639903
    -4.789403    5.417752
    -5.160461    5.165892
    -5.533555    4.884889
    -5.904309    4.577186
    -6.267282    4.247380
    -6.616806    3.900869
    -6.948034    3.543316
    -7.257538    3.180491
    -7.543433    2.817600
    -7.804943    2.458934
    -8.042530    2.107344
    -8.257502    1.764403
    -8.451593    1.430800
    -8.626674    1.107810
    -8.783332    0.799769
    -8.921757    0.511942
    -9.042938    0.247706
    -9.147747    0.007577
    -9.235450   -0.210739
    -9.306718   -0.410828
    -9.362917   -0.596088
    -9.405433   -0.769337
    -9.435465   -0.932815
    -9.453984   -1.088301
    -9.461749   -1.237215
    -9.457594   -1.380256
    -9.437909   -1.516508
    -9.401906   -1.645282
    -9.351761   -1.766026
    -9.289023   -1.878027
    -9.214738   -1.980639
    -9.130052   -2.073268
    -9.036037   -2.155312
    -8.933681   -2.226164
    -8.823963   -2.285235
    -8.707842   -2.331899
    -8.586275   -2.365502
    -8.460259   -2.385374
    -8.330830   -2.390765
    -8.198927   -2.380646
    -8.065874   -2.354231
    -7.933259   -2.311410
    -7.800059   -2.252544
    -7.663752   -2.178253
    -7.521276   -2.089436
    -7.368778   -1.987979
    -7.201593   -1.877932
    -7.016224   -1.762301
    -6.810969   -1.641205
    -6.584949   -1.514879
    -6.338395   -1.383735
    -6.072555   -1.248116
    -5.788897   -1.109537
    -5.488911   -0.971792
    -5.174058   -0.839165
    -4.845024   -0.715798
    -4.502124   -0.604228
    -4.146670   -0.505753
    -3.781158   -0.421677
    -3.409159   -0.353441
    -3.033733   -0.302990
    -2.656548   -0.271760
    -2.278484   -0.260650
    -1.900442   -0.269721
    -1.523720   -0.298589
    -1.149870   -0.346842
    -0.780195   -0.414103
    -0.416213   -0.499824
    -0.061404   -0.603107
     0.281269   -0.723173
     0.610594   -0.859678
     0.926636   -1.012961
     1.230346   -1.184296
     1.524117   -1.375439
     1.811573   -1.588059
     2.096148   -1.824586
     2.381298   -2.088499
     2.670851   -2.384714
     2.969464   -2.720216
     3.283274   -3.105078
     3.620876   -3.553958
     3.994442   -4.087370
     4.418370   -4.727560
     4.898453   -5.486821
     5.422257   -6.350365
     5.962865   -7.268613
     6.501607   -8.195490
     7.035203   -9.118275
     7.559706  -10.034879
     8.070441  -10.942156
     8.563537  -11.836117
     9.037358  -12.713036
     9.342241  -13.286990
